KGCF-R7J3,5120,5120,0,0,43200,0
L60I-TG2M,5120,5120,0,0,43200,0
SW95-Z2G0,5120,5120,0,0,43200,0
ETO7-GKY3,5120,5120,0,0,43200,0
FDXN-ZUXM,5120,5120,0,0,43200,0
1YE9-D8YT,5120,5120,0,0,43200,0
A0OM-39XY,5120,5120,0,0,43200,0
S3RW-ARS8,5120,5120,0,0,43200,0
08PE-K5TK,5120,5120,0,0,43200,0
T1DR-E4TO,5120,5120,0,0,43200,0
YI82-N48U,5120,5120,0,0,43200,0
17TT-TUNU,5120,5120,0,0,43200,0
JKRG-NWSI,5120,5120,0,0,43200,0
44EG-DN0D,5120,5120,0,0,43200,0
MEOG-CIFZ,5120,5120,0,0,43200,0
549F-88L1,5120,5120,0,0,43200,0
8HGJ-E293,5120,5120,0,0,43200,0
T7KS-BGKK,5120,5120,0,0,43200,0
51BP-6LQ5,5120,5120,0,0,43200,0
5ND2-RW3M,5120,5120,0,0,43200,0
4GWY-SBC8,5120,5120,0,0,43200,0
1P4D-MIC7,5120,5120,0,0,43200,0
K4AF-VIOI,5120,5120,0,0,43200,0
RM3P-RNF8,5120,5120,0,0,43200,0
TE9I-2V7P,5120,5120,0,0,43200,0
E1GE-6IZP,5120,5120,0,0,43200,0
GO7T-XRKZ,5120,5120,0,0,43200,0
XXD2-X5OZ,5120,5120,0,0,43200,0
BIF5-R2RM,5120,5120,0,0,43200,0
RU68-QBGY,5120,5120,0,0,43200,0
CWTC-FRNA,5120,5120,0,0,43200,0
UERM-KU5C,5120,5120,0,0,43200,0
RZBI-2LTC,5120,5120,0,0,43200,0
KOZ1-E6NV,5120,5120,0,0,43200,0
JZRH-FIBM,5120,5120,0,0,43200,0
TCXB-2F7E,5120,5120,0,0,43200,0
K12T-L91H,5120,5120,0,0,43200,0
GRIF-ZPIQ,5120,5120,0,0,43200,0
1R2G-UX2D,5120,5120,0,0,43200,0
NGY2-X2GE,5120,5120,0,0,43200,0
89WI-OL60,5120,5120,0,0,43200,0
0RP8-ENWC,5120,5120,0,0,43200,0
L8YO-1RLI,5120,5120,0,0,43200,0
X19H-OLC1,5120,5120,0,0,43200,0
16GB-CHG2,5120,5120,0,0,43200,0
JQWM-EPT8,5120,5120,0,0,43200,0
YLB6-OZ9U,5120,5120,0,0,43200,0
I9EW-RA1H,5120,5120,0,0,43200,0
8VGP-BBMV,5120,5120,0,0,43200,0
FGBM-G1R6,5120,5120,0,0,43200,0
L03S-1HEC,5120,5120,0,0,43200,0
VIXH-TR8N,5120,5120,0,0,43200,0
61AG-JIY1,5120,5120,0,0,43200,0
T7KP-HWYI,5120,5120,0,0,43200,0
ACJR-3IA2,5120,5120,0,0,43200,0
FN6W-IB1W,5120,5120,0,0,43200,0
UEPG-WC3D,5120,5120,0,0,43200,0
89TB-G72K,5120,5120,0,0,43200,0
TK6P-JB7K,5120,5120,0,0,43200,0
7AGQ-PJ2L,5120,5120,0,0,43200,0
67B7-G9JJ,5120,5120,0,0,43200,0
45AO-3D7S,5120,5120,0,0,43200,0
2BSF-F0U2,5120,5120,0,0,43200,0
0V1H-8JDI,5120,5120,0,0,43200,0
U68V-52NU,5120,5120,0,0,43200,0
4BBG-OXQY,5120,5120,0,0,43200,0
LIE9-H1ZM,5120,5120,0,0,43200,0
81LB-HHGX,5120,5120,0,0,43200,0
V6JN-708W,5120,5120,0,0,43200,0
PIS4-JSFT,5120,5120,0,0,43200,0
O9KH-R7CN,5120,5120,0,0,43200,0
VJQ1-X1E8,5120,5120,0,0,43200,0
UG5G-ZX23,5120,5120,0,0,43200,0
K191-PFVB,5120,5120,0,0,43200,0
VO4D-9983,5120,5120,0,0,43200,0
5X9P-KFH8,5120,5120,0,0,43200,0
FKIR-4GNM,5120,5120,0,0,43200,0
DLWU-7R4X,5120,5120,0,0,43200,0
96AQ-N6W5,5120,5120,0,0,43200,0
QJ67-O5QQ,5120,5120,0,0,43200,0
BUZ9-S3J3,5120,5120,0,0,43200,0
K3XK-SZKP,5120,5120,0,0,43200,0
BJK5-JJ4F,5120,5120,0,0,43200,0
5PRU-CR7W,5120,5120,0,0,43200,0
8E5Q-FUZ6,5120,5120,0,0,43200,0
26DN-YJIV,5120,5120,0,0,43200,0
VM5D-LK7K,5120,5120,0,0,43200,0
EEAM-ANJ8,5120,5120,0,0,43200,0
5ANP-DCIH,5120,5120,0,0,43200,0
7QT9-ZBJH,5120,5120,0,0,43200,0
NEM2-UM83,5120,5120,0,0,43200,0
YK75-TK1I,5120,5120,0,0,43200,0
F57D-1GOG,5120,5120,0,0,43200,0
LQE8-FEYZ,5120,5120,0,0,43200,0
FNQW-5VAL,5120,5120,0,0,43200,0
AELQ-GNGH,5120,5120,0,0,43200,0
MFJO-MFTC,5120,5120,0,0,43200,0
ZGT9-86RJ,5120,5120,0,0,43200,0
QOTD-IW3Y,5120,5120,0,0,43200,0
1TCU-JQCP,5120,5120,0,0,43200,0
WMRE-TVR8,5120,5120,0,0,43200,0
9QE6-Y96M,5120,5120,0,0,43200,0
XY4W-S58V,5120,5120,0,0,43200,0
TOE6-35WG,5120,5120,0,0,43200,0
CVGD-6F2X,5120,5120,0,0,43200,0
2NS5-UIU6,5120,5120,0,0,43200,0
1Z25-RJ89,5120,5120,0,0,43200,0
D82A-1M54,5120,5120,0,0,43200,0
WGAD-4ZTG,5120,5120,0,0,43200,0
9P2H-ILMC,5120,5120,0,0,43200,0
UEYD-NVQC,5120,5120,0,0,43200,0
SKYW-VSCY,5120,5120,0,0,43200,0
HKQQ-Z6U3,5120,5120,0,0,43200,0
EZEN-WY65,5120,5120,0,0,43200,0
9C1L-LY61,5120,5120,0,0,43200,0
JEA5-6THX,5120,5120,0,0,43200,0
J6BN-6SSR,5120,5120,0,0,43200,0
M90A-LUAR,5120,5120,0,0,43200,0
UMV1-TZUR,5120,5120,0,0,43200,0
HLH9-MYAE,5120,5120,0,0,43200,0
QLXM-JBBN,5120,5120,0,0,43200,0
AHCL-AFBA,5120,5120,0,0,43200,0
USTH-SXXW,5120,5120,0,0,43200,0
T1VG-447Z,5120,5120,0,0,43200,0
QCK1-Z9TS,5120,5120,0,0,43200,0
59ZH-UXG0,5120,5120,0,0,43200,0
8LD9-1XY2,5120,5120,0,0,43200,0
F9J1-2ALP,5120,5120,0,0,43200,0
61TZ-H5DC,5120,5120,0,0,43200,0
WJX2-FZGX,5120,5120,0,0,43200,0
14IF-A1KX,5120,5120,0,0,43200,0
KJW3-93NI,5120,5120,0,0,43200,0
X37T-UURR,5120,5120,0,0,43200,0
1LYJ-6XWP,5120,5120,0,0,43200,0
GT6H-WPTD,5120,5120,0,0,43200,0
7KG3-HD15,5120,5120,0,0,43200,0
NNZ0-ZN9S,5120,5120,0,0,43200,0
EV27-9WIJ,5120,5120,0,0,43200,0
1UYE-Y2F3,5120,5120,0,0,43200,0
96O0-EYHZ,5120,5120,0,0,43200,0
OXGT-CTD7,5120,5120,0,0,43200,0
D19R-9HYQ,5120,5120,0,0,43200,0
QJBM-PWIY,5120,5120,0,0,43200,0
DVW0-YP09,5120,5120,0,0,43200,0
4BHC-IBG0,5120,5120,0,0,43200,0
0V3X-2ADW,5120,5120,0,0,43200,0
V5C8-EQSI,5120,5120,0,0,43200,0
UCO9-MXSW,5120,5120,0,0,43200,0
3ZKY-3KYY,5120,5120,0,0,43200,0
SOFJ-J0AS,5120,5120,0,0,43200,0
1375-LLUU,5120,5120,0,0,43200,0
0C4C-5G1X,5120,5120,0,0,43200,0
1JDS-OJVE,5120,5120,0,0,43200,0
BUSG-E72X,5120,5120,0,0,43200,0
U0HQ-E9OV,5120,5120,0,0,43200,0
5NII-8JEA,5120,5120,0,0,43200,0
E8A4-9G0Z,5120,5120,0,0,43200,0
UUXX-V26I,5120,5120,0,0,43200,0
MORZ-KCZM,5120,5120,0,0,43200,0
0037-TKZ2,5120,5120,0,0,43200,0
6L5L-BKOW,5120,5120,0,0,43200,0
EAFI-FCL1,5120,5120,0,0,43200,0
8XHB-VFQA,5120,5120,0,0,43200,0
JY5I-FP4Z,5120,5120,0,0,43200,0
SURH-UKIB,5120,5120,0,0,43200,0
I4HO-Y09F,5120,5120,0,0,43200,0
ELE0-NR9Y,5120,5120,0,0,43200,0
E2QF-HB1Y,5120,5120,0,0,43200,0
Q3WL-5F0I,5120,5120,0,0,43200,0
0ZRI-F7OF,5120,5120,0,0,43200,0
OF4I-0AFZ,5120,5120,0,0,43200,0
I68O-9418,5120,5120,0,0,43200,0
C61Y-LOVF,5120,5120,0,0,43200,0
ESKR-RYTQ,5120,5120,0,0,43200,0
PTHZ-NN3H,5120,5120,0,0,43200,0
UQ1S-2HTW,5120,5120,0,0,43200,0
EV1F-HKYB,5120,5120,0,0,43200,0
96MS-TX5Z,5120,5120,0,0,43200,0
RL6A-YQHN,5120,5120,0,0,43200,0
BY8N-RXJ5,5120,5120,0,0,43200,0
E5VT-I6E6,5120,5120,0,0,43200,0
87MT-EFPX,5120,5120,0,0,43200,0
Y6ED-Q36K,5120,5120,0,0,43200,0
M8UI-ZBCO,5120,5120,0,0,43200,0
R0GY-MGBG,5120,5120,0,0,43200,0
1MIZ-HFLT,5120,5120,0,0,43200,0
8Q8E-81RY,5120,5120,0,0,43200,0
E4GB-VGSM,5120,5120,0,0,43200,0
1HIP-16X3,5120,5120,0,0,43200,0
78SY-O8FI,5120,5120,0,0,43200,0
0AME-RCQM,5120,5120,0,0,43200,0
E5QX-LWRJ,5120,5120,0,0,43200,0
YV7K-8X6I,5120,5120,0,0,43200,0
1GOO-ZL3U,5120,5120,0,0,43200,0
WHKT-USWE,5120,5120,0,0,43200,0
MZVT-J6Y5,5120,5120,0,0,43200,0
G4RS-4A82,5120,5120,0,0,43200,0
YOID-DBU6,5120,5120,0,0,43200,0
NEHZ-4MNA,5120,5120,0,0,43200,0
DR4W-BCVY,5120,5120,0,0,43200,0
54XH-TZFF,5120,5120,0,0,43200,0
6INE-SGDG,5120,5120,0,0,43200,0
ZN23-15PA,5120,5120,0,0,43200,0
QJUQ-MZCN,5120,5120,0,0,43200,0
O5VT-2V4T,5120,5120,0,0,43200,0
8UX5-SBQP,5120,5120,0,0,43200,0
YNQM-26TK,5120,5120,0,0,43200,0
UFFD-WM01,5120,5120,0,0,43200,0
P333-15OJ,5120,5120,0,0,43200,0
704R-1997,5120,5120,0,0,43200,0
R59M-L8LV,5120,5120,0,0,43200,0
ARIZ-TXZP,5120,5120,0,0,43200,0
8XD9-3F9W,5120,5120,0,0,43200,0
KXX9-UD1I,5120,5120,0,0,43200,0
16RA-8A12,5120,5120,0,0,43200,0
VYAK-RZ9H,5120,5120,0,0,43200,0
OE8G-C18W,5120,5120,0,0,43200,0
3V7I-SW0P,5120,5120,0,0,43200,0
0P7E-KRFR,5120,5120,0,0,43200,0
ZLL7-XEQA,5120,5120,0,0,43200,0
IFEI-X0QM,5120,5120,0,0,43200,0
KIX4-VVRM,5120,5120,0,0,43200,0
QT08-ZUL5,5120,5120,0,0,43200,0
LBXR-FM7A,5120,5120,0,0,43200,0
RN2W-PGNM,5120,5120,0,0,43200,0
V5G8-JN1G,5120,5120,0,0,43200,0
HK0O-YY74,5120,5120,0,0,43200,0
LLWT-MHWZ,5120,5120,0,0,43200,0
S4AE-EHXT,5120,5120,0,0,43200,0
S9DG-4IJD,5120,5120,0,0,43200,0
C3ED-PIPM,5120,5120,0,0,43200,0
2Z4U-VRQR,5120,5120,0,0,43200,0
LN1R-NB0R,5120,5120,0,0,43200,0
BV4K-LG35,5120,5120,0,0,43200,0
JVZM-GEML,5120,5120,0,0,43200,0
BOQV-KRPZ,5120,5120,0,0,43200,0
LCH2-YSZB,5120,5120,0,0,43200,0
XC8Q-R959,5120,5120,0,0,43200,0
RXQQ-SU0B,5120,5120,0,0,43200,0
MWVB-YQF7,5120,5120,0,0,43200,0
JIIR-3XR7,5120,5120,0,0,43200,0
E7UD-NZNV,5120,5120,0,0,43200,0
V4NS-VTL4,5120,5120,0,0,43200,0
39EP-LDQL,5120,5120,0,0,43200,0
Y4TP-WHT7,5120,5120,0,0,43200,0
9MRR-X1AR,5120,5120,0,0,43200,0
PA8I-YB8K,5120,5120,0,0,43200,0
X6A5-CDW4,5120,5120,0,0,43200,0
8IN7-5O1P,5120,5120,0,0,43200,0
6T1O-M0LL,5120,5120,0,0,43200,0
014M-NYYY,5120,5120,0,0,43200,0
NZTR-DMFH,5120,5120,0,0,43200,0
YIP8-2ELA,5120,5120,0,0,43200,0
TKJP-Z7CD,5120,5120,0,0,43200,0
1Q9D-ZSJ7,5120,5120,0,0,43200,0
17Z5-GLAY,5120,5120,0,0,43200,0
21CZ-YN4U,5120,5120,0,0,43200,0
M284-KB1X,5120,5120,0,0,43200,0
XQHF-6R3E,5120,5120,0,0,43200,0
BFI2-1PKE,5120,5120,0,0,43200,0
JEYK-CTH4,5120,5120,0,0,43200,0
RP4N-NOZZ,5120,5120,0,0,43200,0
8UQY-K2OS,5120,5120,0,0,43200,0
U2G7-GEFZ,5120,5120,0,0,43200,0
317B-0A7C,5120,5120,0,0,43200,0
N382-YFQX,5120,5120,0,0,43200,0
TVQ9-FN63,5120,5120,0,0,43200,0
VI47-VI12,5120,5120,0,0,43200,0
WW03-2O3H,5120,5120,0,0,43200,0
OSQM-RMYF,5120,5120,0,0,43200,0
GL4R-6VAO,5120,5120,0,0,43200,0
CQZ8-U6GJ,5120,5120,0,0,43200,0
0SE6-9Z6N,5120,5120,0,0,43200,0
PWTP-ZZQU,5120,5120,0,0,43200,0
WNR0-6UD7,5120,5120,0,0,43200,0
O3D7-B24L,5120,5120,0,0,43200,0
WUO4-HJWW,5120,5120,0,0,43200,0
X2OC-87TZ,5120,5120,0,0,43200,0
9UR0-9F7G,5120,5120,0,0,43200,0
CLW6-IVUU,5120,5120,0,0,43200,0
MZ39-6C89,5120,5120,0,0,43200,0
LUT5-8Z66,5120,5120,0,0,43200,0
5QJV-XO14,5120,5120,0,0,43200,0
4ILZ-EBTU,5120,5120,0,0,43200,0
XM2O-QI5N,5120,5120,0,0,43200,0
LP9T-JGPP,5120,5120,0,0,43200,0
YYIE-KRHY,5120,5120,0,0,43200,0
7PD7-38C3,5120,5120,0,0,43200,0
IUJA-EIFN,5120,5120,0,0,43200,0
HB8Q-5DY4,5120,5120,0,0,43200,0
ZZT5-JFF1,5120,5120,0,0,43200,0
MOH1-RCGP,5120,5120,0,0,43200,0
7FGH-VP1U,5120,5120,0,0,43200,0
COI5-YSR4,5120,5120,0,0,43200,0
2EP4-QMNM,5120,5120,0,0,43200,0
QYO5-GHN3,5120,5120,0,0,43200,0
TTIT-VPG4,5120,5120,0,0,43200,0
2BDO-LUSV,5120,5120,0,0,43200,0
AQ7F-A3KA,5120,5120,0,0,43200,0
TOE7-U62G,5120,5120,0,0,43200,0
CUJ0-BYKO,5120,5120,0,0,43200,0
ZTH4-8KRF,5120,5120,0,0,43200,0
NLIZ-G1LU,5120,5120,0,0,43200,0
VBA1-GLMD,5120,5120,0,0,43200,0
YIXH-DUUP,5120,5120,0,0,43200,0
DZ5D-S016,5120,5120,0,0,43200,0
27Y1-LATX,5120,5120,0,0,43200,0
KWRZ-G4WB,5120,5120,0,0,43200,0
6YN9-GQ42,5120,5120,0,0,43200,0
19U7-CL1Q,5120,5120,0,0,43200,0
SYS6-MUFF,5120,5120,0,0,43200,0
PH5L-14IZ,5120,5120,0,0,43200,0
A0ET-2VXQ,5120,5120,0,0,43200,0
9XMK-B7DW,5120,5120,0,0,43200,0
QXIH-ICMY,5120,5120,0,0,43200,0
3KC2-VSDF,5120,5120,0,0,43200,0
OOY5-GHEF,5120,5120,0,0,43200,0
DSJP-K49C,5120,5120,0,0,43200,0
YUTQ-5FKD,5120,5120,0,0,43200,0
ZJAA-6XHL,5120,5120,0,0,43200,0
9PHN-3WRB,5120,5120,0,0,43200,0
468S-BM7H,5120,5120,0,0,43200,0
Q354-IF0U,5120,5120,0,0,43200,0
U4G5-GOVV,5120,5120,0,0,43200,0
MBLJ-1P03,5120,5120,0,0,43200,0
1OVE-R3T6,5120,5120,0,0,43200,0
OKC0-0J2Q,5120,5120,0,0,43200,0
WN4Z-7UC5,5120,5120,0,0,43200,0
KQG9-GCYD,5120,5120,0,0,43200,0
9CBQ-HPOK,5120,5120,0,0,43200,0
UWDW-BO9U,5120,5120,0,0,43200,0
BC5I-B7BV,5120,5120,0,0,43200,0
NH7V-ZQ26,5120,5120,0,0,43200,0
DYLP-N13V,5120,5120,0,0,43200,0
A5RN-SHV3,5120,5120,0,0,43200,0
V6FA-270P,5120,5120,0,0,43200,0
L78M-0V8Q,5120,5120,0,0,43200,0
HYQW-L6PH,5120,5120,0,0,43200,0
86PK-UYC4,5120,5120,0,0,43200,0
0G7X-1LJY,5120,5120,0,0,43200,0
29PP-FICF,5120,5120,0,0,43200,0
UUIC-COD9,5120,5120,0,0,43200,0
8ESP-3HBQ,5120,5120,0,0,43200,0
TZES-J8UM,5120,5120,0,0,43200,0
3C5E-N8JF,5120,5120,0,0,43200,0
2F9D-UUXI,5120,5120,0,0,43200,0
XVIF-PNLV,5120,5120,0,0,43200,0
7Q8H-W0GX,5120,5120,0,0,43200,0
S1S2-XNXL,5120,5120,0,0,43200,0
PU6J-Q4Z6,5120,5120,0,0,43200,0
G5D2-FYYF,5120,5120,0,0,43200,0
RTA2-7V7K,5120,5120,0,0,43200,0
2M4F-F8P6,5120,5120,0,0,43200,0
0QB6-5AU6,5120,5120,0,0,43200,0
80LL-SWO1,5120,5120,0,0,43200,0
CIFE-IZQF,5120,5120,0,0,43200,0
PJ3N-EDWM,5120,5120,0,0,43200,0
STAE-HU14,5120,5120,0,0,43200,0
GN4U-KBX2,5120,5120,0,0,43200,0
43B5-3POM,5120,5120,0,0,43200,0
21VX-1FIJ,5120,5120,0,0,43200,0
2JLR-1FVF,5120,5120,0,0,43200,0
HQ5F-BHYM,5120,5120,0,0,43200,0
J3N6-DB7V,5120,5120,0,0,43200,0
K527-66VN,5120,5120,0,0,43200,0
V99I-HMYD,5120,5120,0,0,43200,0
KOWH-RNDJ,5120,5120,0,0,43200,0
JHRK-NYTB,5120,5120,0,0,43200,0
JL88-HATB,5120,5120,0,0,43200,0
LHRQ-NOT9,5120,5120,0,0,43200,0
KG1H-D557,5120,5120,0,0,43200,0
X1DW-SBU5,5120,5120,0,0,43200,0
KS15-EHOI,5120,5120,0,0,43200,0
Y6A3-JCBZ,5120,5120,0,0,43200,0
NAI3-JF85,5120,5120,0,0,43200,0
G5KB-OVI9,5120,5120,0,0,43200,0
6GZX-5T69,5120,5120,0,0,43200,0
QFDA-6REJ,5120,5120,0,0,43200,0
4HWA-0FBM,5120,5120,0,0,43200,0
7MDX-0FD6,5120,5120,0,0,43200,0
TWA8-E7W1,5120,5120,0,0,43200,0
VA2L-XT1W,5120,5120,0,0,43200,0
UDY6-LP25,5120,5120,0,0,43200,0
5G0P-GFVO,5120,5120,0,0,43200,0
NGD2-A06P,5120,5120,0,0,43200,0
HC5S-VFFU,5120,5120,0,0,43200,0
R7CB-9XIB,5120,5120,0,0,43200,0
GN0P-0XL0,5120,5120,0,0,43200,0
15IH-T3AV,5120,5120,0,0,43200,0
SLCF-IQ7N,5120,5120,0,0,43200,0
P42X-UCLU,5120,5120,0,0,43200,0
XV34-KWPL,5120,5120,0,0,43200,0
EUXK-X9P5,5120,5120,0,0,43200,0
3FUK-N6N2,5120,5120,0,0,43200,0
JSPC-LSN0,5120,5120,0,0,43200,0
VB4I-S73X,5120,5120,0,0,43200,0
XP9H-9ACM,5120,5120,0,0,43200,0
QJGS-2EFI,5120,5120,0,0,43200,0
ZTHB-NZY2,5120,5120,0,0,43200,0
FIMT-R4RU,5120,5120,0,0,43200,0
HKHB-3ISQ,5120,5120,0,0,43200,0
UQI7-6R7D,5120,5120,0,0,43200,0
JG2P-U5QI,5120,5120,0,0,43200,0
0432-SR7D,5120,5120,0,0,43200,0
AQVK-85JS,5120,5120,0,0,43200,0
Z5XC-BCQQ,5120,5120,0,0,43200,0
CENW-A6YM,5120,5120,0,0,43200,0
L3R8-MU2J,5120,5120,0,0,43200,0
XMXL-ON51,5120,5120,0,0,43200,0
0JHK-YPIM,5120,5120,0,0,43200,0
COL9-97VL,5120,5120,0,0,43200,0
Y5HT-EF8S,5120,5120,0,0,43200,0
6N6F-0ZPF,5120,5120,0,0,43200,0
6YJJ-VWTX,5120,5120,0,0,43200,0
Z9BZ-LMZD,5120,5120,0,0,43200,0
KQ2T-7SQ8,5120,5120,0,0,43200,0
ILX8-M2LK,5120,5120,0,0,43200,0
TVFK-UZKS,5120,5120,0,0,43200,0
3YIA-ZA36,5120,5120,0,0,43200,0
70O0-S67L,5120,5120,0,0,43200,0
HHR0-BTDR,5120,5120,0,0,43200,0
XGFX-L6GQ,5120,5120,0,0,43200,0
W2UN-I2YW,5120,5120,0,0,43200,0
VAPS-D2MK,5120,5120,0,0,43200,0
Y29M-DORP,5120,5120,0,0,43200,0
0ZC5-TLKY,5120,5120,0,0,43200,0
9FLB-9M0B,5120,5120,0,0,43200,0
BRZR-JWEX,5120,5120,0,0,43200,0
PICI-B68N,5120,5120,0,0,43200,0
OIKN-1CK9,5120,5120,0,0,43200,0
HXQU-ZM8H,5120,5120,0,0,43200,0
4AUI-OFGX,5120,5120,0,0,43200,0
82R3-H2E8,5120,5120,0,0,43200,0
TN94-20IR,5120,5120,0,0,43200,0
ZZN5-S9M7,5120,5120,0,0,43200,0
1UYC-YOKW,5120,5120,0,0,43200,0
8PQ6-DI5P,5120,5120,0,0,43200,0
G1W6-9JXL,5120,5120,0,0,43200,0
XBS1-RWUG,5120,5120,0,0,43200,0
S48M-C1R1,5120,5120,0,0,43200,0
V9YA-LKNW,5120,5120,0,0,43200,0
UOKH-GG9X,5120,5120,0,0,43200,0
IESA-VTBN,5120,5120,0,0,43200,0
F9B0-EVHC,5120,5120,0,0,43200,0
S42A-9IL0,5120,5120,0,0,43200,0
GNPJ-GJYO,5120,5120,0,0,43200,0
P5VB-42JS,5120,5120,0,0,43200,0
2HNH-XEH9,5120,5120,0,0,43200,0
HCAF-35W5,5120,5120,0,0,43200,0
BYLL-DIX9,5120,5120,0,0,43200,0
D3P4-4BAU,5120,5120,0,0,43200,0
J4CD-5S2O,5120,5120,0,0,43200,0
LGBO-P4FV,5120,5120,0,0,43200,0
S4Q0-L1P9,5120,5120,0,0,43200,0
ZABN-63E1,5120,5120,0,0,43200,0
PC2I-0I98,5120,5120,0,0,43200,0
3NS2-RWR7,5120,5120,0,0,43200,0
QJP0-ZOOT,5120,5120,0,0,43200,0
8N0B-0EH5,5120,5120,0,0,43200,0
M36I-E1U3,5120,5120,0,0,43200,0
X2AB-460B,5120,5120,0,0,43200,0
75ZD-0046,5120,5120,0,0,43200,0
FXYU-X1J9,5120,5120,0,0,43200,0
XDF1-ONH0,5120,5120,0,0,43200,0
Y8LW-V9DC,5120,5120,0,0,43200,0
4FPD-IF29,5120,5120,0,0,43200,0
A8B6-DR3V,5120,5120,0,0,43200,0
K9C0-T9KW,5120,5120,0,0,43200,0
S3EE-PLZZ,5120,5120,0,0,43200,0
47C7-HUN7,5120,5120,0,0,43200,0
OFSF-LEGJ,5120,5120,0,0,43200,0
LG5L-KSON,5120,5120,0,0,43200,0
652L-1OEZ,5120,5120,0,0,43200,0
IHER-WZL7,5120,5120,0,0,43200,0
T3GZ-E65M,5120,5120,0,0,43200,0
U3N8-H50C,5120,5120,0,0,43200,0
W00V-93T0,5120,5120,0,0,43200,0
HKQF-E0V8,5120,5120,0,0,43200,0
J26H-YZXC,5120,5120,0,0,43200,0
4591-F1BV,5120,5120,0,0,43200,0
CC8G-J3E9,5120,5120,0,0,43200,0
BHUJ-9Y6R,5120,5120,0,0,43200,0
1AGU-TUE1,5120,5120,0,0,43200,0
T9F4-K3YK,5120,5120,0,0,43200,0
L9CG-BIKN,5120,5120,0,0,43200,0
CUSW-YEW6,5120,5120,0,0,43200,0
VP0L-34B1,5120,5120,0,0,43200,0
9QUP-ITG3,5120,5120,0,0,43200,0
KSCU-ACLF,5120,5120,0,0,43200,0
PRT7-OCAS,5120,5120,0,0,43200,0
Z37P-EA5L,5120,5120,0,0,43200,0
ACGY-OOBN,5120,5120,0,0,43200,0
WZ5Y-ZMJP,5120,5120,0,0,43200,0
9II8-XGR7,5120,5120,0,0,43200,0
VKMC-VIS8,5120,5120,0,0,43200,0
T1JF-7I3N,5120,5120,0,0,43200,0
JFMN-0XAB,5120,5120,0,0,43200,0
F9U4-JP6P,5120,5120,0,0,43200,0
7C69-QAVB,5120,5120,0,0,43200,0
QOSN-WZYI,5120,5120,0,0,43200,0
2CX6-K4QG,5120,5120,0,0,43200,0
9RFS-Y0S7,5120,5120,0,0,43200,0
PQX4-CW6A,5120,5120,0,0,43200,0
PAY3-0NIS,5120,5120,0,0,43200,0
VZP2-0IE8,5120,5120,0,0,43200,0
4SQX-4J0H,5120,5120,0,0,43200,0
68IA-0AOI,5120,5120,0,0,43200,0
OABA-V9LG,5120,5120,0,0,43200,0
ZI0A-C1W4,5120,5120,0,0,43200,0
35YO-YF8Y,5120,5120,0,0,43200,0
YSZH-9ZC1,5120,5120,0,0,43200,0
YX0A-Q77D,5120,5120,0,0,43200,0
BMTZ-R6H9,5120,5120,0,0,43200,0
EB59-49U2,5120,5120,0,0,43200,0
SPKY-6CQM,5120,5120,0,0,43200,0
DOE3-BQ7Y,5120,5120,0,0,43200,0
LC5H-TJCF,5120,5120,0,0,43200,0
LRYY-MFCZ,5120,5120,0,0,43200,0
OGM2-86SB,5120,5120,0,0,43200,0
MDP5-D2K3,5120,5120,0,0,43200,0
RK9D-WGD1,5120,5120,0,0,43200,0
MBDJ-7XBH,5120,5120,0,0,43200,0
AZ0G-4CRT,5120,5120,0,0,43200,0
B3VV-O021,5120,5120,0,0,43200,0
UH21-Q0TE,5120,5120,0,0,43200,0
CSEU-88V6,5120,5120,0,0,43200,0
AICQ-4CYB,5120,5120,0,0,43200,0
6IRI-UL3S,5120,5120,0,0,43200,0
62H8-1W44,5120,5120,0,0,43200,0
O6P7-W54K,5120,5120,0,0,43200,0
0L3T-LP6P,5120,5120,0,0,43200,0
CPZM-VEMY,5120,5120,0,0,43200,0
T0DE-F535,5120,5120,0,0,43200,0
XKS1-QDRT,5120,5120,0,0,43200,0
LZHM-M9W6,5120,5120,0,0,43200,0
T3YH-EYB5,5120,5120,0,0,43200,0
RSE5-GLL1,5120,5120,0,0,43200,0
GVSC-UHJH,5120,5120,0,0,43200,0
G4TI-4KN8,5120,5120,0,0,43200,0
LO5J-PXX4,5120,5120,0,0,43200,0
YRGP-5CRG,5120,5120,0,0,43200,0
0ARD-V3O6,5120,5120,0,0,43200,0
18MG-VGMY,5120,5120,0,0,43200,0
5YQ6-C9JU,5120,5120,0,0,43200,0
CJBA-EFK8,5120,5120,0,0,43200,0
TZXR-8Q1D,5120,5120,0,0,43200,0
01RU-QC10,5120,5120,0,0,43200,0
2GLA-LBBX,5120,5120,0,0,43200,0
GHA8-YI5A,5120,5120,0,0,43200,0
JLKS-O8NR,5120,5120,0,0,43200,0
X172-CVME,5120,5120,0,0,43200,0
TIE4-9HN8,5120,5120,0,0,43200,0
U7Y7-DOF3,5120,5120,0,0,43200,0
VHSK-43Y2,5120,5120,0,0,43200,0
8W51-99EV,5120,5120,0,0,43200,0
7T1Q-5SW6,5120,5120,0,0,43200,0
PXKA-7BAR,5120,5120,0,0,43200,0
UCDL-87HW,5120,5120,0,0,43200,0
HXHO-3JK4,5120,5120,0,0,43200,0
ZO8U-RV69,5120,5120,0,0,43200,0
RXTD-WWZ4,5120,5120,0,0,43200,0
0CHP-9XYP,5120,5120,0,0,43200,0
064T-FVA6,5120,5120,0,0,43200,0
G74K-M3YF,5120,5120,0,0,43200,0
W40M-SBXC,5120,5120,0,0,43200,0
3KSJ-92CJ,5120,5120,0,0,43200,0
77BM-BSO7,5120,5120,0,0,43200,0
L0JX-JBTN,5120,5120,0,0,43200,0
3GRV-8YPQ,5120,5120,0,0,43200,0
I227-3OMN,5120,5120,0,0,43200,0
RR5C-T5H0,5120,5120,0,0,43200,0
VPNE-R8IF,5120,5120,0,0,43200,0
VPW2-3ACY,5120,5120,0,0,43200,0
MM0O-1NPS,5120,5120,0,0,43200,0
GUIP-DFAH,5120,5120,0,0,43200,0
JX7K-OCQP,5120,5120,0,0,43200,0
0GVI-LSO6,5120,5120,0,0,43200,0
PQPT-763X,5120,5120,0,0,43200,0
32FL-YS10,5120,5120,0,0,43200,0
7Z49-BBKJ,5120,5120,0,0,43200,0
MD7E-ZNIJ,5120,5120,0,0,43200,0
EAO8-AB2J,5120,5120,0,0,43200,0
2T5O-SZYE,5120,5120,0,0,43200,0
7PWN-S125,5120,5120,0,0,43200,0
7INX-7EZD,5120,5120,0,0,43200,0
AXO6-JQ5D,5120,5120,0,0,43200,0
1571-ZGYP,5120,5120,0,0,43200,0
FLJ4-I20R,5120,5120,0,0,43200,0
6JT3-JYWK,5120,5120,0,0,43200,0
ZJ5K-GGWM,5120,5120,0,0,43200,0
L7KE-FGLP,5120,5120,0,0,43200,0
J3IO-Y62I,5120,5120,0,0,43200,0
Y73Z-BOCL,5120,5120,0,0,43200,0
8G4X-PJJN,5120,5120,0,0,43200,0
Z7UO-J0N3,5120,5120,0,0,43200,0
OY4L-VRA4,5120,5120,0,0,43200,0
J200-A1YR,5120,5120,0,0,43200,0
1ZNU-EX9T,5120,5120,0,0,43200,0
SUEU-R1RR,5120,5120,0,0,43200,0
O376-UQYS,5120,5120,0,0,43200,0
TNVS-LKZF,5120,5120,0,0,43200,0
JF13-4GSV,5120,5120,0,0,43200,0
1Y50-RV5F,5120,5120,0,0,43200,0
6DQY-GKJ2,5120,5120,0,0,43200,0
CQ9O-6J08,5120,5120,0,0,43200,0
AVY0-Y5W4,5120,5120,0,0,43200,0
NFYJ-4E60,5120,5120,0,0,43200,0
I47E-K6US,5120,5120,0,0,43200,0
H2I7-WU07,5120,5120,0,0,43200,0
L8PO-FNTZ,5120,5120,0,0,43200,0
SJPX-7074,5120,5120,0,0,43200,0
4M28-E8R4,5120,5120,0,0,43200,0
NKII-QF6V,5120,5120,0,0,43200,0
OJ39-PJS9,5120,5120,0,0,43200,0
6EKY-QBFF,5120,5120,0,0,43200,0
LL78-CJUZ,5120,5120,0,0,43200,0
NAJ5-GSII,5120,5120,0,0,43200,0
664C-T5WL,5120,5120,0,0,43200,0
AQN9-MDSK,5120,5120,0,0,43200,0
QH27-XNF1,5120,5120,0,0,43200,0
NJJ6-LDR2,5120,5120,0,0,43200,0
2I6X-X3G8,5120,5120,0,0,43200,0
M60B-0C9L,5120,5120,0,0,43200,0
WWBI-C02K,5120,5120,0,0,43200,0
X0DI-II4H,5120,5120,0,0,43200,0
DXRU-431C,5120,5120,0,0,43200,0
1QKK-DDW5,5120,5120,0,0,43200,0
EAIV-WZA4,5120,5120,0,0,43200,0
4QNW-G2KL,5120,5120,0,0,43200,0
KGWE-QF81,5120,5120,0,0,43200,0
7HSQ-WFM8,5120,5120,0,0,43200,0
ZZJM-9RG3,5120,5120,0,0,43200,0
TGPF-ZW6I,5120,5120,0,0,43200,0
AOZ7-VUXY,5120,5120,0,0,43200,0
SSHP-TI6W,5120,5120,0,0,43200,0
TXP8-2WME,5120,5120,0,0,43200,0
YAVK-E8D3,5120,5120,0,0,43200,0
O3W7-BU5W,5120,5120,0,0,43200,0
D3T3-CAOY,5120,5120,0,0,43200,0
QG64-9ZR5,5120,5120,0,0,43200,0
HIMR-SAWZ,5120,5120,0,0,43200,0
40YG-OCBX,5120,5120,0,0,43200,0
LAJ0-2FHK,5120,5120,0,0,43200,0
ESBS-R82J,5120,5120,0,0,43200,0
2OV6-A0SB,5120,5120,0,0,43200,0
BWFF-WXLF,5120,5120,0,0,43200,0
02MP-HH7A,5120,5120,0,0,43200,0
S6XU-J3FN,5120,5120,0,0,43200,0
5ZSM-3M7G,5120,5120,0,0,43200,0
3QPR-STB5,5120,5120,0,0,43200,0
5V9L-RI8C,5120,5120,0,0,43200,0
YHTF-WMQ3,5120,5120,0,0,43200,0
NERA-JMW9,5120,5120,0,0,43200,0
T0OH-XD0W,5120,5120,0,0,43200,0
8EID-7PU9,5120,5120,0,0,43200,0
YMME-P6VK,5120,5120,0,0,43200,0
7HMR-54Z5,5120,5120,0,0,43200,0
1H7I-Q2LY,5120,5120,0,0,43200,0
FUJD-SRZG,5120,5120,0,0,43200,0
5QH0-87Z9,5120,5120,0,0,43200,0
2H2J-B9E5,5120,5120,0,0,43200,0
0TUQ-AXDN,5120,5120,0,0,43200,0
JEG4-112F,5120,5120,0,0,43200,0
YBOF-MN2Q,5120,5120,0,0,43200,0
KLQH-3LL8,5120,5120,0,0,43200,0
TBIJ-HGDC,5120,5120,0,0,43200,0
ZQ26-R3J4,5120,5120,0,0,43200,0
K5UO-WZQZ,5120,5120,0,0,43200,0
BMOS-118M,5120,5120,0,0,43200,0
YGCL-QLXL,5120,5120,0,0,43200,0
1HPC-1XAS,5120,5120,0,0,43200,0
XLUJ-ZB6Y,5120,5120,0,0,43200,0
UBUR-TPN5,5120,5120,0,0,43200,0
1D95-R9P8,5120,5120,0,0,43200,0
GQBF-ZITD,5120,5120,0,0,43200,0
DY45-GJWC,5120,5120,0,0,43200,0
JBAQ-JV0S,5120,5120,0,0,43200,0
ATFO-607I,5120,5120,0,0,43200,0
SNJ8-S8TQ,5120,5120,0,0,43200,0
SVN0-FSLU,5120,5120,0,0,43200,0
Y2FD-L4OC,5120,5120,0,0,43200,0
78Q7-1V9G,5120,5120,0,0,43200,0
CEMJ-VLYO,5120,5120,0,0,43200,0
0QJH-YZ6W,5120,5120,0,0,43200,0
8WXI-RE9P,5120,5120,0,0,43200,0
8DUH-52C2,5120,5120,0,0,43200,0
I0YO-ZWSE,5120,5120,0,0,43200,0
6OHH-JXOS,5120,5120,0,0,43200,0
FSL6-T02D,5120,5120,0,0,43200,0
ZIOH-25KG,5120,5120,0,0,43200,0
ORPO-P0YK,5120,5120,0,0,43200,0
EE7R-VPUK,5120,5120,0,0,43200,0
EEH7-OYZJ,5120,5120,0,0,43200,0
LXK4-QONG,5120,5120,0,0,43200,0
HY0H-B86D,5120,5120,0,0,43200,0
BRSN-HLJV,5120,5120,0,0,43200,0
JZUO-HKUZ,5120,5120,0,0,43200,0
O17I-8MQX,5120,5120,0,0,43200,0
PI9T-LVGU,5120,5120,0,0,43200,0
IWTW-VKJ9,5120,5120,0,0,43200,0
GLFJ-89FH,5120,5120,0,0,43200,0
D4Y1-2IHA,5120,5120,0,0,43200,0
PIZJ-2LR6,5120,5120,0,0,43200,0
U7W8-4IET,5120,5120,0,0,43200,0
MUB6-FT0J,5120,5120,0,0,43200,0
9EU5-M8EJ,5120,5120,0,0,43200,0
WMKJ-5K60,5120,5120,0,0,43200,0
J5V9-GDF3,5120,5120,0,0,43200,0
ZPBY-F85G,5120,5120,0,0,43200,0
7X02-11KI,5120,5120,0,0,43200,0
YFLX-L9N5,5120,5120,0,0,43200,0
F35E-3L1K,5120,5120,0,0,43200,0
5EL0-NG1A,5120,5120,0,0,43200,0
SM2X-C9X4,5120,5120,0,0,43200,0
PGNZ-L259,5120,5120,0,0,43200,0
RQF7-8FNU,5120,5120,0,0,43200,0
37VV-4QFI,5120,5120,0,0,43200,0
XXL3-Q66R,5120,5120,0,0,43200,0
VTN9-GAFW,5120,5120,0,0,43200,0
NV0I-XUHF,5120,5120,0,0,43200,0
Q4Y8-AEW4,5120,5120,0,0,43200,0
0NHN-WF5U,5120,5120,0,0,43200,0
VNJ0-UAYP,5120,5120,0,0,43200,0
BANB-K75B,5120,5120,0,0,43200,0
8SIA-L91E,5120,5120,0,0,43200,0
478V-6XRQ,5120,5120,0,0,43200,0
VTE8-ZVV8,5120,5120,0,0,43200,0
IBM2-JSX7,5120,5120,0,0,43200,0
X6HC-U1KQ,5120,5120,0,0,43200,0
MXNV-UWP5,5120,5120,0,0,43200,0
P7WM-T8BA,5120,5120,0,0,43200,0
1UUB-W5RB,5120,5120,0,0,43200,0
GQW1-P3TB,5120,5120,0,0,43200,0
CMAT-QRLS,5120,5120,0,0,43200,0
L3EY-9ZB4,5120,5120,0,0,43200,0
VG07-LUMT,5120,5120,0,0,43200,0
AV3X-VAGE,5120,5120,0,0,43200,0
67JF-G6DL,5120,5120,0,0,43200,0
SYLW-UNU4,5120,5120,0,0,43200,0
Z0TH-P9SK,5120,5120,0,0,43200,0
9JTI-1Y1L,5120,5120,0,0,43200,0
37X2-Z6H6,5120,5120,0,0,43200,0
8HI7-1NCA,5120,5120,0,0,43200,0
T7DG-1CCN,5120,5120,0,0,43200,0
0MUC-3A2G,5120,5120,0,0,43200,0
GTQX-D8HL,5120,5120,0,0,43200,0
2I0G-3BYI,5120,5120,0,0,43200,0
JTGR-XTOZ,5120,5120,0,0,43200,0
4JGN-5C9X,5120,5120,0,0,43200,0
KNO1-SJIM,5120,5120,0,0,43200,0
XCQI-7136,5120,5120,0,0,43200,0
CE9H-2DGO,5120,5120,0,0,43200,0
D0GP-TG4S,5120,5120,0,0,43200,0
5T5Z-NNNW,5120,5120,0,0,43200,0
EHBG-BRPW,5120,5120,0,0,43200,0
Q0RJ-2RHM,5120,5120,0,0,43200,0
P57M-H5A2,5120,5120,0,0,43200,0
1W21-N6CT,5120,5120,0,0,43200,0
DGBE-NDBJ,5120,5120,0,0,43200,0
881V-IY09,5120,5120,0,0,43200,0
ZHMJ-I6PN,5120,5120,0,0,43200,0
31EP-NA44,5120,5120,0,0,43200,0
Y4U1-5D0L,5120,5120,0,0,43200,0
3TX2-WM7F,5120,5120,0,0,43200,0
ETG0-G3Y6,5120,5120,0,0,43200,0
CVLG-4N7K,5120,5120,0,0,43200,0
G7JA-HL4T,5120,5120,0,0,43200,0
EYGB-3KPR,5120,5120,0,0,43200,0
NIFB-9KYB,5120,5120,0,0,43200,0
76ZI-GTX9,5120,5120,0,0,43200,0
T6SL-VC2D,5120,5120,0,0,43200,0
BOL4-EPY7,5120,5120,0,0,43200,0
U1V6-ZL6R,5120,5120,0,0,43200,0
WYLU-9LAG,5120,5120,0,0,43200,0
A0VK-E5DR,5120,5120,0,0,43200,0
PQYD-NL11,5120,5120,0,0,43200,0
9VGU-Y5W5,5120,5120,0,0,43200,0
C4LL-A4TD,5120,5120,0,0,43200,0
5NWS-X1OJ,5120,5120,0,0,43200,0
FN7V-SR7H,5120,5120,0,0,43200,0
Q2JI-DM1Y,5120,5120,0,0,43200,0
UP6R-QP8T,5120,5120,0,0,43200,0
2NGB-BAN1,5120,5120,0,0,43200,0
P9JI-NSG7,5120,5120,0,0,43200,0
WTRY-L234,5120,5120,0,0,43200,0
Q6CK-OPPV,5120,5120,0,0,43200,0
AMR3-426Q,5120,5120,0,0,43200,0
ZF1J-QQNJ,5120,5120,0,0,43200,0
VZV3-ZQOK,5120,5120,0,0,43200,0
NX9J-ZIBB,5120,5120,0,0,43200,0
0GUG-83G9,5120,5120,0,0,43200,0
KP37-0HFE,5120,5120,0,0,43200,0
PPNF-6NJE,5120,5120,0,0,43200,0
GH19-VS0W,5120,5120,0,0,43200,0
C5VN-1KXK,5120,5120,0,0,43200,0
9HHL-03NK,5120,5120,0,0,43200,0
YW4B-ITCO,5120,5120,0,0,43200,0
2QYH-33L3,5120,5120,0,0,43200,0
QBR2-EDW0,5120,5120,0,0,43200,0
3PHA-N97C,5120,5120,0,0,43200,0
70JP-3TR4,5120,5120,0,0,43200,0
K3WI-XTE8,5120,5120,0,0,43200,0
IF1W-UXYW,5120,5120,0,0,43200,0
7Y51-I119,5120,5120,0,0,43200,0
7MN8-4ZTZ,5120,5120,0,0,43200,0
YX27-ZRXC,5120,5120,0,0,43200,0
EW1E-UO2E,5120,5120,0,0,43200,0
VSAE-OMD7,5120,5120,0,0,43200,0
DNZ7-EMA8,5120,5120,0,0,43200,0
6GPD-BWWG,5120,5120,0,0,43200,0
ARMA-1E13,5120,5120,0,0,43200,0
WIZ1-HPOP,5120,5120,0,0,43200,0
ZYO5-OYTX,5120,5120,0,0,43200,0
SWYQ-ALMZ,5120,5120,0,0,43200,0
PBDV-65UE,5120,5120,0,0,43200,0
UEM9-X1V6,5120,5120,0,0,43200,0
4UAT-SFOV,5120,5120,0,0,43200,0
I42D-9YYX,5120,5120,0,0,43200,0
7U04-UATC,5120,5120,0,0,43200,0
T7HP-3CRJ,5120,5120,0,0,43200,0
Z67T-V4FY,5120,5120,0,0,43200,0
IZWM-B27M,5120,5120,0,0,43200,0
9K9U-Z26J,5120,5120,0,0,43200,0
30A8-467A,5120,5120,0,0,43200,0
C76J-K07C,5120,5120,0,0,43200,0
GN9Q-50H5,5120,5120,0,0,43200,0
RGBQ-RLFQ,5120,5120,0,0,43200,0
P5JY-VZ6W,5120,5120,0,0,43200,0
E1HU-U4Y9,5120,5120,0,0,43200,0
ET0X-VBZQ,5120,5120,0,0,43200,0
NVUP-RYI8,5120,5120,0,0,43200,0
4DV3-PVW0,5120,5120,0,0,43200,0
4L1L-4ZEX,5120,5120,0,0,43200,0
UTGB-MQ36,5120,5120,0,0,43200,0
EL77-HJ9X,5120,5120,0,0,43200,0
HMAG-08KE,5120,5120,0,0,43200,0
3T87-U4QK,5120,5120,0,0,43200,0
V5PI-R08F,5120,5120,0,0,43200,0
YN87-IMEA,5120,5120,0,0,43200,0
LKPO-QRPD,5120,5120,0,0,43200,0
Q2DL-5C90,5120,5120,0,0,43200,0
6QDW-6V1T,5120,5120,0,0,43200,0
WZ6L-SR6I,5120,5120,0,0,43200,0
DVEO-7KXT,5120,5120,0,0,43200,0
6V1C-MCX8,5120,5120,0,0,43200,0
CE40-I2VA,5120,5120,0,0,43200,0
P193-17J4,5120,5120,0,0,43200,0
ESIB-HV71,5120,5120,0,0,43200,0
WV7O-X41C,5120,5120,0,0,43200,0
2SD3-22A6,5120,5120,0,0,43200,0
1M09-DJL0,5120,5120,0,0,43200,0
IZLK-1H85,5120,5120,0,0,43200,0
HIIA-AGZ5,5120,5120,0,0,43200,0
RFHM-6CZ3,5120,5120,0,0,43200,0
02GR-6T9H,5120,5120,0,0,43200,0
CEJ2-6REO,5120,5120,0,0,43200,0
2Q9M-KNCY,5120,5120,0,0,43200,0
YV8A-XMAF,5120,5120,0,0,43200,0
XI3T-XPA7,5120,5120,0,0,43200,0
AM3N-88N9,5120,5120,0,0,43200,0
FJU5-SLWG,5120,5120,0,0,43200,0
LOE7-8EPV,5120,5120,0,0,43200,0
WTHU-KT8C,5120,5120,0,0,43200,0
MFVY-FLWN,5120,5120,0,0,43200,0
SVME-ED68,5120,5120,0,0,43200,0
JWBG-JD9A,5120,5120,0,0,43200,0
4FUT-DJHK,5120,5120,0,0,43200,0
H059-6PRB,5120,5120,0,0,43200,0
TM62-JMFT,5120,5120,0,0,43200,0
HDT9-CDAH,5120,5120,0,0,43200,0
04FO-LFE8,5120,5120,0,0,43200,0
WN4P-LAM8,5120,5120,0,0,43200,0
6VZY-035R,5120,5120,0,0,43200,0
85EQ-Y5VZ,5120,5120,0,0,43200,0
MAJX-ZJE8,5120,5120,0,0,43200,0
F7NN-4QD1,5120,5120,0,0,43200,0
B9RP-VU74,5120,5120,0,0,43200,0
H02T-EKGQ,5120,5120,0,0,43200,0
OAZH-6BWQ,5120,5120,0,0,43200,0
ZYG0-I38J,5120,5120,0,0,43200,0
844S-5AGA,5120,5120,0,0,43200,0
WNIU-8M9G,5120,5120,0,0,43200,0
CLEG-LE06,5120,5120,0,0,43200,0
OBVZ-HJC9,5120,5120,0,0,43200,0
COIJ-IB5T,5120,5120,0,0,43200,0
UMYP-EB06,5120,5120,0,0,43200,0
JNLI-REZ1,5120,5120,0,0,43200,0
79YW-ML6M,5120,5120,0,0,43200,0
Z5GE-69QR,5120,5120,0,0,43200,0
CQWV-6AJ4,5120,5120,0,0,43200,0
AD3T-IKCL,5120,5120,0,0,43200,0
HVLP-SITM,5120,5120,0,0,43200,0
DKWL-UW8L,5120,5120,0,0,43200,0
E1VE-441A,5120,5120,0,0,43200,0
0J75-1LTF,5120,5120,0,0,43200,0
UD5D-BY24,5120,5120,0,0,43200,0
QW9E-WVSZ,5120,5120,0,0,43200,0
KODT-NW7S,5120,5120,0,0,43200,0
BJCC-0UY6,5120,5120,0,0,43200,0
D6NG-TT36,5120,5120,0,0,43200,0
PWMB-4UIP,5120,5120,0,0,43200,0
0JCU-Y0FE,5120,5120,0,0,43200,0
L2TI-AFLJ,5120,5120,0,0,43200,0
H9CT-ZUFA,5120,5120,0,0,43200,0
KD8B-AXCF,5120,5120,0,0,43200,0
VOJ6-5PWT,5120,5120,0,0,43200,0
Y4WH-KRCN,5120,5120,0,0,43200,0
RMF7-QT1J,5120,5120,0,0,43200,0
REBE-45IX,5120,5120,0,0,43200,0
UAIP-38IO,5120,5120,0,0,43200,0
LP4E-KRF6,5120,5120,0,0,43200,0
Y1KC-IWIK,5120,5120,0,0,43200,0
VZSI-BB11,5120,5120,0,0,43200,0
3R2I-FFXF,5120,5120,0,0,43200,0
M61K-B08L,5120,5120,0,0,43200,0
X1HY-2XVZ,5120,5120,0,0,43200,0
K5PT-PRYE,5120,5120,0,0,43200,0
8CJQ-ZO9E,5120,5120,0,0,43200,0
L3OH-6M97,5120,5120,0,0,43200,0
4K1S-U7L0,5120,5120,0,0,43200,0
5T1N-183E,5120,5120,0,0,43200,0
VUIG-Y3AG,5120,5120,0,0,43200,0
WBY9-WUWW,5120,5120,0,0,43200,0
E8BX-PBU1,5120,5120,0,0,43200,0
7P22-SQD1,5120,5120,0,0,43200,0
KTGE-UCVD,5120,5120,0,0,43200,0
R6S1-S396,5120,5120,0,0,43200,0
3XNG-IUW8,5120,5120,0,0,43200,0
M32M-3S54,5120,5120,0,0,43200,0
UK51-ZKOD,5120,5120,0,0,43200,0
WSRF-YXWU,5120,5120,0,0,43200,0
1UEW-TGDY,5120,5120,0,0,43200,0
XBO4-Z0UO,5120,5120,0,0,43200,0
HMOS-9J9O,5120,5120,0,0,43200,0
NFCA-5MXN,5120,5120,0,0,43200,0
GHD3-D0I9,5120,5120,0,0,43200,0
XC8K-ZT31,5120,5120,0,0,43200,0
TEZW-PCME,5120,5120,0,0,43200,0
T4P1-EU51,5120,5120,0,0,43200,0
YNSM-3ZQ6,5120,5120,0,0,43200,0
AE8Z-3MVA,5120,5120,0,0,43200,0
ND37-0E95,5120,5120,0,0,43200,0
59XL-JX36,5120,5120,0,0,43200,0
3Z4H-FGB1,5120,5120,0,0,43200,0
XND9-M23P,5120,5120,0,0,43200,0
Y66V-S9DL,5120,5120,0,0,43200,0
KS24-7IGK,5120,5120,0,0,43200,0
XB6M-JNUA,5120,5120,0,0,43200,0
WHN1-N044,5120,5120,0,0,43200,0
XCU5-5NQC,5120,5120,0,0,43200,0
ESJD-AYYI,5120,5120,0,0,43200,0
0313-9GZ9,5120,5120,0,0,43200,0
YXY2-ONJ5,5120,5120,0,0,43200,0
GMFY-ABEM,5120,5120,0,0,43200,0
1WQL-SKUL,5120,5120,0,0,43200,0
O062-C0VU,5120,5120,0,0,43200,0
JWGN-ADGI,5120,5120,0,0,43200,0
RY1A-RDQH,5120,5120,0,0,43200,0
CY5D-53HB,5120,5120,0,0,43200,0
P0HX-RBXR,5120,5120,0,0,43200,0
SQCJ-FCJB,5120,5120,0,0,43200,0
7X6Y-K50E,5120,5120,0,0,43200,0
QDDI-X0X0,5120,5120,0,0,43200,0
BPEH-D1UE,5120,5120,0,0,43200,0
PG08-7O82,5120,5120,0,0,43200,0
A12U-PFTG,5120,5120,0,0,43200,0
Q4Z5-IP1O,5120,5120,0,0,43200,0
6L4Y-SZH7,5120,5120,0,0,43200,0
OM6B-3X48,5120,5120,0,0,43200,0
T5BG-CRO7,5120,5120,0,0,43200,0
IP8L-MSJS,5120,5120,0,0,43200,0
J7YW-1VJ4,5120,5120,0,0,43200,0
39YD-DAHB,5120,5120,0,0,43200,0
DX0W-PW5E,5120,5120,0,0,43200,0
D7B9-7S0N,5120,5120,0,0,43200,0
IT7B-AL9F,5120,5120,0,0,43200,0
9YYG-HC4T,5120,5120,0,0,43200,0
8CQH-42LM,5120,5120,0,0,43200,0
QYWT-5I0Q,5120,5120,0,0,43200,0
WZ0I-FVNX,5120,5120,0,0,43200,0
1SBG-54XK,5120,5120,0,0,43200,0
N8XN-KCT5,5120,5120,0,0,43200,0
JBZ6-P4OT,5120,5120,0,0,43200,0
KSPZ-VSP4,5120,5120,0,0,43200,0
QTQV-T17M,5120,5120,0,0,43200,0
UGN4-GVPR,5120,5120,0,0,43200,0
F2W4-92T7,5120,5120,0,0,43200,0
GCBE-96TV,5120,5120,0,0,43200,0
YRD2-FB5Z,5120,5120,0,0,43200,0
B537-U0I9,5120,5120,0,0,43200,0
3D6O-Z3VX,5120,5120,0,0,43200,0
RKNY-0S6N,5120,5120,0,0,43200,0
T8OG-KYWM,5120,5120,0,0,43200,0
V6XI-SLLV,5120,5120,0,0,43200,0
NGXR-O289,5120,5120,0,0,43200,0
VAR0-U2P6,5120,5120,0,0,43200,0
S6A0-3T3Z,5120,5120,0,0,43200,0
ESDJ-ULI0,5120,5120,0,0,43200,0
CVM3-OFWO,5120,5120,0,0,43200,0
CXBF-6SQC,5120,5120,0,0,43200,0
